001,002
002,003
004,005
005,006
007,008
008,009
010,011
011,012
013,014
014,015
152,153
153,154
155,156
156,157
158,159
159,160
161,162
163,164
165,166
167,168
252,253
253,254
255,256
256,257
258,259
259,260
261,262
263,264
264,862
265,266
387,388
388,389
390,391
391,392
393,394
394,395
396,397
397,398
399,400
401,402
495,496
496,497
498,499
499,500
501,502
502,503
504,505
506,507
507,508
509,510
650,651
651,652
653,654
653,655
656,657
657,658
659,660
661,662
662,663
664,665
722,723
723,724
725,726
728,729
729,730
731,732
732,733
734,735
736,737
737,738
810,811
811,812
813,814
814,815
816,817
817,818
824,825
825,826
821,822
822,823
906,907
907,908
909,910
910,911
912,913
913,914
915,916
917,918
919,920
953,954